298705
753196
837564
725559
943356
718910
269893
165256
54473
885187
745156
339875
954955
828497
131967
789490
557635
703757
37777
751523
338768
833969
238738
789235
87691
778885
397112
49288
64301
852833
538501
417179
730414
747403
244734
84515
765623
698955
563840
708159
444310
948331
356117
841993
688611
249242
973094
767019
816012
704756
751155
864688
565742
922551
40693
134511
779770
242759
811927
157941
617708
307805
669909
597057
171460
394973
814541
84972
224647
359677
291404
871926
131957
989797
483614
472133
705573
140978
844930
639246
771389
437171
427680
797838
780645
603274
169728
206133
296053
418432
243344
132468
725900
452836
421925
100976
448429
161016
114757
573608
792371
178117
526446
845976
485227
189118
705893
638977
321718
953105
353857
604979
83085
373189
29963
161254
447908
31691
235458
728050
235412
492171
978454
74970
527732
914455
97531
504141
226272
940490
857330
736638
898178
839567
200201
260681
33676
968407
467253
341602
858998
513596
257646
376943
136380
268112
530284
198631
660776
170075
602023
19668
403419
262187
320153
667479
799209
79549
561494
527386
358178
987923
598623
985397
561490
362803
586761
405835
519113
893893
375809
854933
343600
737364
109904
942486
103227
468023
921758
985360
182475
468000
22441
782423
273586
667786
123178
867013
207151
239645
440930
317249
240197
106179
679120
257062
613350
832459
680970
468732
291355
774146
78959
682500
806133
525369
818353
806274
224085
861306
805219
684902
656042
616058
284909
18339
664415
426196
924840
289403
71912
271462
605895
912881
523589
929280
10997
370786
178209
956303
430207
700719
401607
248774
157347
97998
275803
393592
989083
140259
601702
645097
481313
492724
100770
179430
255259
129273
678167
364185
259605
885983
664665
480694
405275
692366
231799
68717
145163
485378
233678
754844
81867
702921
930258
995319
486937
860548
239619
522335
64391
583826
796459
944059
3189
493719
122442
297672
82823
497774
438448
328012
590348
198342
415949
710121
556091
698356
600320
846178
686045
175033
527150
902933
22296
505129
178740
984882
216266
474237
128026
82182
456233
501577
430390
19843
210168
466235
911255
179212
665333
785172
471358
543212
689123
837794
398492
420436
304657
505048
944156
576728
836025
325632
344802
965481
584602
527776
338623
160240
100654
490079
467384
577782
859615
118604
276910
32566
6523
703649
438008
269661
717952
251423
194910
125809
723521
383753
706939
448809
980068
864464
109029
122446
811743
236467
546149
567780
707710
268810
791659
938326
927801
288405
745185
510402
829361
43020
917505
799705
212098
547018
870765
492911
181162
900834
814651
56285
80217
709131
235632
69264
828371
957350
952441
412330
866653
263203
300505
440778
478869
283593
958824
90527
852958
690648
601681
36750
809674
274433
534317
113154
233862
386100
398321
258452
437631
792348
896998
603506
305559
649857
648234
543034
234434
236070
352261
126256
76097
57828
602677
713439
776588
679624
443705
865986
147380
362318
162850
470427
580844
841047
153129
861841
604336
759395
772369
238806
970091
194668
769747
791969
851967
888177
334060
732267
797529
812867
997192
622210
772084
34813
368959
17561
894848
253630
810708
632125
311507
371109
249498
664175
98065
63654
425708
711688
788162
939301
446976
865274
213110
6697
873710
87194
718303
716625
488796
891422
334030
874734
634460
810061
957472
608547
422624
707968
530420
573958
846533
234326
140173
668529
575362
14792
421481
181860
353520
712155
713641
848912
12184
18400
207280
749530
259896
775905
729568
614956
7276
437165
526940
302068
614235
472548
418534
571466
470840
963355
457840
19200
266413
92756
488603
103498
212120
15079
306080
493321
106184
151951
649803
846028
195326
340938
138663
755601
132176
669093
514115
690358
543293
774703
786399
150518
572921
216439
604483
416767
276189
352198
558540
825729
890443
816711
806073
841502
129113
78629
647188
753202
186383
804107
186284
914036
961037
991778
4752
897908
294324
328485
79678
301007
637811
973754
774848
429666
1649
955450
583825
437421
586904
596889
445223
868732
544587
958543
291877
254951
376747
414218
282819
579915
123760
987839
718638
117154
487559
470582
187508
791970
364923
550385
326997
451583
519507
621496
553878
14942
417411
737050
380933
43824
623983
641935
481032
149202
448415
141264
687808
417194
96963
531750
436025
660719
454545
721978
725161
509787
92991
570267
421395
330796
676372
231904
312813
24953
111843
202828
603699
814579
123708
733003
695797
728078
513863
666201
801275
261075
835864
980366
672651
580532
164039
698351
556611
806174
909579
577436
429611
232879
589709
930891
454033
896634
507125
641296
377047
557711
377398
896660
598669
375928
682074
591755
264983
617061
122802
340591
921510
657749
123099
574273
996461
402651
467813
263894
973448
562917
636642
909998
266013
708015
245766
71548
390197
898428
18557
165143
867147
172704
687208
304773
17334
68419
25124
262215
495281
880450
726884
48739
744239
884719
828303
94425
286632
693165
693308
395726
408514
555793
647628
108425
694134
755095
917262
215197
441693
78830
801729
148172
626303
892422
989559
369236
369863
661758
879861
811073
108003
459536
384668
215825
94352
197960
333514
413185
439629
530898
662797
887938
160748
544091
352268
791579
761362
473839
274327
719442
661493
947742
4860
379828
512754
962338
300989
371917
475900
582558
327624
89309
717564
213772
813045
516721
414776
662134
696586
971846
261302
266063
542179
80724
397532
729648
708163
228749
612999
469112
31626
31409
381585
644344
243917
6607
942643
542668
974332
330454
17072
641458
955215
400559
342541
740403
623133
338216
938497
738074
390052
191217
786050
701371
911370
257389
424560
404783
217445
553460
404091
919590
337943
728886
153810
863264
147537
236966
580223
773857
586881
226301
113164
481475
638870
626572
569080
261426
473172
598608
611892
7090
213092
493400
95779
891747
503647
570974
721286
308233
366378
714964
329771
52700
394472
513300
339720
401846
201180
742888
177601
126977
447697
484148
220464
967915
312776
217889
763701
115625
927
559489
135875
211584
913675
253171
166364
882039
609024
837734
721501
531502
661260
792643
954103
440134
350630
186599
172453
694889
971657
79391
934684
901780
310417
3171
894041
471975
919705
549684
186063
715983
346344
853795
17988
465607
733931
608649
158949
612141
921745
695145
165219
360749
474223
204572
32778
11417
45283
377383
953439
720089
841061
43167
254484
595119
923146
518
285317
45519
133392
990135
15409
678900
382200
63244
599690
372907
593900
759115
296839
95925
354221
963326
684027
395798
185008
270072
210395
237922
233415
698183
852968
223291
573015
925272
610359
710622
782008
799416
923504
227830
570721
413426
26981
517348
486621
314218
681326
339053
198182
961031
303390
186635
474002
129172
844034
25153
448829
301414
213526
369201
683155
380248
154760
125386
733266
145449
661847
936989
760677
268143
533736
798670
762731
473374
829327
349806
921687
39806
262734
998131
